6 60 1000
64 91 13 45 9 53 33 47 78 71 5 45 91 29 69 99 29 55 97 78 42 64 57 21 10 100 64 79 98 94 95 18 31 11 12 5 83 29 49 85 90 10 37 61 66 63 22 66 46 9 70 85 32 87 2 5 56 33 47 58
2 26 32 87 100 17 92 81 23 97 16 39 4 47 67 100 69 55 67 37 7 16 82 23 42 44 27 22 40 53 43 84 96 11 23 31 38 72 85 77 64 45 48 14 75 14 14 77 86 86 68 36 95 59 75 57 21 49 61 9
-1 1 81 89 98 100 47 26 85 24 26 4 42 36 37 77 7 41 48 69 82 56 14 70 56 81 71 6 53 70 5 43 74 84 59 97 73 58 83 94 86 45 6 20 31 18 93 13 42 9 72 6 86 13 50 42 64 9 80 97
-1 1 76 81 26 69 65 56 64 33 96 12 47 19 59 29 84 29 95 67 37 56 25 9 8 65 41 78 39 85 90 40 29 48 29 11 20 82 45 27 40 36 65 50 32 9 58 25 100 3 63 34 94 58 90 58 83 65 78 64
72 80 79 86 37 84 47 87 99 58 17 10 66 5 27 36 63 85 53 55 19 39 68 70 92 79 41 24 11 8 30 74 7 18 3 44 36 45 24 16 100 81 44 8 60 63 95 63 86 48 91 99 56 39 79 35 37 20 42 3
55 98 56 77 25 1 25 31 43 47 86 72 41 95 74 24 95 11 95 79 36 37 89 68 22 66 39 79 67 28 24 99 12 6 57 54 8 57 42 32 96 59 75 86 100 57 49 26 27 7 82 100 74 75 96 24 53 28 95 62
49 19 11 12 3 52 22 71 48 15 54 43 91 58 74 49 67 76 94 14 47 58 19 40 100 57 98 97 12 87 58 97 97 41 46 13 2 65 65 15 79 67 12 49 80 60 17 74 12 28 51 15 44 89 0 52 13 90 19 22
63 59 81 67 84 69 90 83 88 18 94 97 90 30 41 8 30 54 100 82 91 41 95 44 48 67 46 97 63 42 35 26 92 35 57 82 49 42 51 10 37 68 95 47 74 77 89 86 77 23 51 0 94 41 87 36 78 73 37 78
56 71 51 80 47 76 98 100 27 35 43 89 48 25 67 34 42 62 77 10 84 25 4 13 98 16 87 52 54 6 43 92 36 60 12 52 28 3 3 3 86 3 25 75 79 90 67 80 43 67 16 56 85 23 12 68 94 81 37 36
68 83 75 75 17 53 39 35 33 80 94 83 76 70 38 38 11 40 22 91 57 87 44 92 67 14 30 72 87 96 28 61 53 5 83 5 17 92 27 61 71 7 28 20 21 95 89 62 2 54 25 11 49 64 56 18 52 61 81 0
41 69 95 72 4 52 27 77 100 71 16 68 62 65 14 83 6 45 97 50 18 44 32 31 75 30 96 62 14 91 75 79 71 26 73 45 82 10 64 18 37 82 12 11 38 88 40 83 57 0 61 31 9 91 39 89 78 25 36 56
78 43 43 40 48 90 64 49 13 86 26 15 22 5 32 29 39 18 68 61 67 29 94 49 86 34 40 16 94 60 25 38 58 99 59 35 58 89 61 74 37 74 8 9 47 80 57 66 93 56 98 34 43 94 17 0 18 10 73 13
27 23 87 21 76 53 30 86 67 86 72 100 84 74 72 70 9 87 29 34 55 5 72 33 2 13 31 15 59 87 41 53 17 79 81 58 81 79 39 42 97 75 33 12 85 18 65 5 55 47 13 17 27 16 50 26 3 31 18 39
71 83 15 45 32 53 26 83 85 99 77 36 28 77 7 73 15 41 14 91 12 92 80 17 57 17 35 53 90 16 23 43 52 46 16 54 82 85 8 66 66 58 1 84 32 31 61 59 69 56 93 84 88 19 20 54 16 15 34 53
100 35 20 39 79 23 77 43 47 23 15 17 73 74 50 64 93 65 91 34 99 50 12 6 2 93 74 33 29 45 58 19 47 62 10 75 14 35 72 39 29 43 74 88 91 2 34 43 95 77 43 76 20 99 18 92 0 87 35 4
75 5 21 74 66 63 99 10 0 34 88 51 97 53 39 57 97 6 96 5 61 30 35 70 67 56 76 26 32 43 21 34 24 7 31 68 2 8 28 9 76 20 28 16 22 83 13 100 78 66 22 11 89 90 59 28 67 29 90 93
1 1 30 56 93 4 40 7 13 23 51 85 86 16 95 87 32 55 44 4 96 96 21 66 95 38 16 31 68 66 86 88 3 63 39 36 10 13 15 99 45 8 5 4 91 21 4 88 67 18 85 45 84 36 57 77 49 18 33 26
50 78 23 35 72 91 10 3 14 66 15 53 72 94 63 64 73 6 31 92 0 21 49 32 20 91 13 13 59 23 99 86 5 80 75 78 89 24 84 93 82 50 95 85 16 56 70 36 6 99 46 53 15 33 15 45 48 3 54 71
90 66 36 41 4 61 67 69 18 59 80 83 34 68 31 70 27 4 71 100 49 52 48 35 73 82 45 13 49 16 68 26 37 6 72 12 4 67 23 65 78 55 37 54 70 18 41 60 33 51 37 50 28 60 64 2 2 68 5 38
41 94 71 71 83 73 40 95 87 17 86 82 5 90 23 70 0 54 83 22 25 29 89 66 3 64 5 39 77 88 14 56 0 16 100 13 39 16 88 69 49 28 90 95 98 34 51 89 86 67 93 11 14 62 24 71 88 42 31 90
8 93 54 16 30 47 6 34 18 96 82 31 44 72 90 51 36 14 97 100 79 46 98 8 60 10 66 47 42 52 70 8 30 45 13 20 31 15 37 45 0 39 12 18 86 58 29 97 34 81 4 41 57 46 62 70 64 67 51 91
35 36 19 77 83 72 76 53 43 85 52 57 41 92 31 28 9 67 35 15 88 14 62 42 38 87 86 1 77 25 25 81 68 35 19 90 6 99 45 52 72 74 53 54 73 69 35 51 82 7 88 53 47 54 9 5 36 24 2 92
41 81 40 79 76 76 69 96 25 92 48 50 74 94 4 36 14 50 42 94 33 84 25 49 64 79 79 42 98 48 37 89 49 7 10 51 36 80 89 10 66 62 65 4 61 74 15 56 2 16 10 22 73 92 1 67 92 50 32 19
99 54 83 80 84 54 24 6 54 88 10 44 19 18 20 11 43 33 6 9 33 79 32 56 22 78 69 30 53 100 61 96 1 53 57 27 0 64 26 17 23 17 33 14 87 87 74 28 88 41 84 25 76 55 80 12 32 49 37 64
58 71 66 59 74 39 93 11 12 55 43 67 46 28 3 80 61 100 57 75 49 68 12 78 82 71 45 2 60 55 32 67 96 66 33 51 15 5 15 49 85 44 44 31 93 66 59 71 23 2 55 8 72 59 54 46 94 31 1 52
79 100 59 31 17 72 26 70 29 31 84 65 49 93 48 46 14 90 4 70 98 23 22 51 11 72 18 96 37 19 72 87 58 14 8 27 79 41 75 93 77 61 20 46 0 59 4 49 96 84 18 35 50 86 23 67 89 42 79 21
39 33 64 6 22 3 24 5 29 16 18 69 100 22 83 36 4 43 81 38 58 40 73 49 24 28 82 21 75 80 65 11 52 54 48 35 67 49 48 38 30 65 42 48 74 95 35 64 32 37 94 0 35 28 36 57 25 28 68 71
35 84 94 56 75 59 21 4 73 6 16 28 94 36 28 21 22 75 44 68 30 44 78 41 94 66 41 94 18 37 37 77 61 8 2 37 27 93 18 99 62 40 70 89 21 93 25 93 99 46 53 25 98 85 44 38 30 89 87 33
73 50 7 13 26 60 66 15 70 33 39 84 79 40 37 56 98 48 52 49 60 46 73 72 80 4 61 99 11 27 94 3 47 96 68 52 88 66 19 33 85 13 37 78 42 52 92 37 21 89 62 100 48 99 26 32 52 38 52 93
69 5 95 79 2 17 71 98 11 30 6 9 19 66 0 65 100 19 2 57 52 21 13 7 19 93 95 56 5 87 40 21 81 78 67 92 33 79 64 27 6 95 44 36 84 70 39 63 98 81 78 48 94 38 27 67 11 28 1 51
64 17 40 77 96 49 47 49 74 89 58 98 10 63 7 64 82 68 82 55 14 98 97 28 22 68 47 79 5 3 97 83 9 59 47 40 15 49 10 21 35 80 39 2 34 8 68 16 54 71 18 79 58 93 58 42 67 23 37 81
62 85 15 65 2 17 73 62 47 4 54 28 27 71 65 51 94 19 24 9 22 90 88 46 53 52 51 55 88 2 17 75 14 0 14 91 11 24 85 14 20 48 3 53 9 54 14 91 80 46 93 7 4 35 70 84 71 10 49 26
38 72 8 93 36 70 65 34 64 56 62 83 89 55 52 24 6 21 41 80 58 63 83 58 61 8 42 92 72 13 75 6 43 12 24 31 15 29 85 64 49 88 76 83 34 40 76 45 4 0 92 67 77 54 94 66 93 45 26 6
78 95 53 46 22 75 70 92 10 90 48 90 41 3 47 42 43 59 10 25 43 33 27 59 89 95 8 16 10 17 94 63 56 81 83 90 99 81 84 52 11 75 19 40 91 8 63 86 70 22 18 25 87 83 6 46 36 53 46 8
51 72 30 9 0 7 95 9 47 79 24 91 68 8 69 53 61 4 26 69 56 58 72 37 100 55 27 10 34 11 89 31 64 59 18 43 37 49 75 3 13 74 86 2 46 70 57 24 91 17 30 24 89 82 23 41 19 15 0 93
98 18 11 21 41 15 51 56 44 36 35 35 65 64 77 57 84 27 56 12 20 22 8 44 17 79 69 9 46 91 36 78 39 19 88 84 54 60 100 82 31 97 56 2 98 99 73 75 60 96 93 62 65 34 91 22 13 3 15 70
18 29 69 96 88 7 51 84 16 78 53 86 27 19 24 5 8 93 22 86 79 13 90 40 1 13 28 62 37 62 93 1 12 91 83 35 44 49 18 56 84 25 17 72 89 4 33 85 89 86 69 93 65 94 95 83 87 23 16 16
10 1 56 53 69 0 79 4 72 85 95 37 52 44 20 50 12 8 37 69 30 38 34 44 79 2 88 58 13 55 21 87 63 19 41 47 38 58 68 9 70 99 93 40 61 41 98 73 74 41 69 3 28 47 27 60 65 11 23 37
52 40 39 44 51 20 23 90 48 1 47 8 55 54 40 31 96 21 53 84 60 76 65 85 70 99 75 10 65 55 64 58 76 92 83 54 28 42 1 63 14 12 48 90 19 95 39 27 86 92 54 89 100 97 17 94 17 70 35 59
11 7 46 41 49 32 86 10 58 51 96 74 28 80 53 94 41 38 40 45 54 70 81 75 48 54 10 69 70 32 9 40 70 80 87 64 57 45 50 91 88 89 42 45 91 28 100 23 36 56 43 90 63 53 19 48 89 1 35 41
43 37 68 90 29 35 59 42 83 36 100 72 37 10 5 18 93 62 66 86 55 34 35 89 81 91 67 34 80 66 96 74 8 82 95 22 60 57 26 4 73 51 55 59 56 49 62 36 38 76 2 52 2 36 4 49 70 13 72 20
77 54 58 59 54 90 76 47 36 64 9 94 79 62 86 41 85 19 15 13 7 99 77 97 91 48 54 91 63 1 58 62 34 13 64 78 30 77 37 27 18 100 80 78 15 96 25 48 2 92 12 51 37 87 26 80 29 26 42 88
64 19 10 2 42 42 57 25 50 97 79 63 69 10 43 73 61 46 17 45 57 59 42 42 81 16 18 90 79 20 71 69 88 80 96 48 83 10 91 16 78 26 24 28 4 54 15 39 60 11 81 14 10 68 79 82 71 95 52 0
48 33 74 15 90 1 24 56 65 17 24 98 33 66 75 22 63 87 0 72 70 76 54 27 55 12 84 78 12 82 71 75 30 18 77 58 65 29 23 60 18 34 77 56 66 42 6 71 11 27 16 71 6 37 75 17 34 70 67 43
41 65 89 16 84 0 9 44 82 95 35 60 53 21 26 21 76 18 84 50 13 66 95 93 33 64 84 22 15 76 76 34 19 81 79 37 32 25 75 49 25 21 47 81 59 43 82 27 71 16 82 61 0 61 88 4 6 39 92 17
69 45 86 88 19 16 5 22 88 28 65 2 70 94 59 45 10 7 19 41 53 74 89 27 22 62 36 84 96 59 58 6 6 33 58 85 55 77 74 19 21 13 38 88 15 57 65 69 53 36 57 35 92 71 39 58 4 93 89 26
21 98 7 24 93 8 35 51 77 88 22 7 80 75 24 85 35 27 8 79 18 76 35 80 88 28 30 76 7 91 57 2 78 44 30 5 51 95 80 41 29 6 55 72 59 60 66 94 50 12 13 89 56 88 61 37 18 32 45 99
18 48 80 40 47 68 96 65 84 60 91 39 23 11 64 5 52 40 82 10 94 40 51 60 100 52 0 17 88 50 80 61 16 0 94 66 61 44 15 70 57 75 52 60 55 84 6 95 55 6 16 23 69 30 16 26 56 38 96 82
22 85 32 84 2 3 48 57 89 48 68 49 41 13 47 22 29 53 48 97 99 68 23 62 68 69 56 74 22 74 10 33 6 49 83 38 5 52 35 34 5 28 6 3 66 97 65 82 31 44 57 8 31 29 64 6 44 90 95 58
5 65 3 29 54 16 25 26 86 39 36 96 19 47 24 10 41 27 100 57 81 64 100 37 74 9 95 98 46 32 31 96 53 54 76 49 6 64 47 5 65 28 0 26 16 94 80 18 87 43 90 58 24 19 83 100 3 16 50 56

7 8 5
0 0 0 0 0 0 0 9
0 0 0 0 3 0 0 8
-1 0 5 0 0 0 22 0
-1 8 0 0 0 0 0 0
0 0 0 0 0 10 43 0
0 0 5 0 15 0 0 0
0 0 40 0 0 0 20 0

7 6 1
1 2 3 4 5 6
6 5 4 3 2 1
-1 2 3 4 5 6
-1 6 5 4 3 2
1 2 3 4 5 6
6 5 4 3 2 1
1 2 3 4 5 6

6 6 1
5 0 0 0 0 5
0 0 0 0 0 0
-1 0 0 0 0 5
-1 0 0 0 0 5
0 0 0 0 0 0
5 0 0 0 0 5

7 8 50
0 0 0 0 0 0 0 9
0 0 0 0 3 0 0 8
-1 0 5 0 0 0 22 0
-1 8 0 0 0 0 0 0
0 0 0 0 0 10 43 0
0 0 5 0 15 0 0 0
0 0 40 0 0 0 20 0

7 8 30
0 0 0 0 0 0 0 9
0 0 0 0 3 0 0 8
-1 0 5 0 0 0 22 0
-1 8 0 0 0 0 0 0
0 0 0 0 0 10 43 0
0 0 5 0 15 0 0 0
0 0 40 0 0 0 20 0

7 8 20
0 0 0 0 0 0 0 9
0 0 0 0 3 0 0 8
-1 0 5 0 0 0 22 0
-1 8 0 0 0 0 0 0
0 0 0 0 0 10 43 0
0 0 5 0 15 0 0 0
0 0 40 0 0 0 20 0

7 8 5
0 0 0 0 0 0 0 9
0 0 0 0 3 0 0 8
-1 0 5 0 0 0 22 0
-1 8 0 0 0 0 0 0
0 0 0 0 0 10 43 0
0 0 5 0 15 0 0 0
0 0 40 0 0 0 20 0

7 8 4
0 0 0 0 0 0 0 9
0 0 0 0 3 0 0 8
-1 0 5 0 0 0 22 0
-1 8 0 0 0 0 0 0
0 0 0 0 0 10 43 0
0 0 5 0 15 0 0 0
0 0 40 0 0 0 20 0

7 8 3
0 0 0 0 0 0 0 9
0 0 0 0 3 0 0 8
-1 0 5 0 0 0 22 0
-1 8 0 0 0 0 0 0
0 0 0 0 0 10 43 0
0 0 5 0 15 0 0 0
0 0 40 0 0 0 20 0

7 8 2
0 0 0 0 0 0 0 9
0 0 0 0 3 0 0 8
-1 0 5 0 0 0 22 0
-1 8 0 0 0 0 0 0
0 0 0 0 0 10 43 0
0 0 5 0 15 0 0 0
0 0 40 0 0 0 20 0

